#   x       y(x)            y(x)^2       classical p(x)      V
-10.000  1.02095806e+11  1.04235536e+22  0.00000000e+00   50.000000
 -9.980  8.39463056e+10  7.04698222e+21  0.00000000e+00   49.800200
 -9.960  6.90514258e+10  4.76809941e+21  0.00000000e+00   49.600800
 -9.940  5.68226004e+10  3.22880792e+21  0.00000000e+00   49.401800
 -9.920  4.67785727e+10  2.18823487e+21  0.00000000e+00   49.203200
 -9.900  3.85256746e+10  1.48422760e+21  0.00000000e+00   49.005000
 -9.880  3.17417579e+10  1.00753920e+21  0.00000000e+00   48.807200
 -9.860  2.61630971e+10  6.84507651e+20  0.00000000e+00   48.609800
 -9.840  2.15737083e+10  4.65424889e+20  0.00000000e+00   48.412800
 -9.820  1.77966368e+10  3.16720281e+20  0.00000000e+00   48.216200
 -9.800  1.46868471e+10  2.15703479e+20  0.00000000e+00   48.020000
 -9.780  1.21254183e+10  1.47025769e+20  0.00000000e+00   47.824200
 -9.760  1.00148033e+10  1.00296284e+20  0.00000000e+00   47.628800
 -9.740  8.27495545e+09  6.84748877e+19  0.00000000e+00   47.433800
 -9.720  6.84016338e+09  4.67878351e+19  0.00000000e+00   47.239200
 -9.700  5.65646196e+09  3.19955619e+19  0.00000000e+00   47.045000
 -9.680  4.67951525e+09  2.18978630e+19  0.00000000e+00   46.851200
 -9.660  3.87288394e+09  1.49992300e+19  0.00000000e+00   46.657800
 -9.640  3.20660697e+09  1.02823283e+19  0.00000000e+00   46.464800
 -9.620  2.65604015e+09  7.05454927e+18  0.00000000e+00   46.272200
 -9.600  2.20090455e+09  4.84398082e+18  0.00000000e+00   46.080000
 -9.580  1.82450672e+09  3.32882476e+18  0.00000000e+00   45.888200
 -9.560  1.51309930e+09  2.28946949e+18  0.00000000e+00   45.696800
 -9.540  1.25535662e+09  1.57592023e+18  0.00000000e+00   45.505800
 -9.520  1.04194439e+09  1.08564811e+18  0.00000000e+00   45.315200
 -9.500  8.65166556e+08  7.48513170e+17  0.00000000e+00   45.125000
 -9.480  7.18675237e+08  5.16494096e+17  0.00000000e+00   44.935200
 -9.460  5.97232498e+08  3.56686657e+17  0.00000000e+00   44.745800
 -9.440  4.96514567e+08  2.46526715e+17  0.00000000e+00   44.556800
 -9.420  4.12950871e+08  1.70528422e+17  0.00000000e+00   44.368200
 -9.400  3.43591671e+08  1.18055236e+17  0.00000000e+00   44.180000
 -9.380  2.85999145e+08  8.17955107e+16  0.00000000e+00   43.992200
 -9.360  2.38157754e+08  5.67191160e+16  0.00000000e+00   43.804800
 -9.340  1.98400437e+08  3.93627333e+16  0.00000000e+00   43.617800
 -9.320  1.65347809e+08  2.73398978e+16  0.00000000e+00   43.431200
 -9.300  1.37858074e+08  1.90048485e+16  0.00000000e+00   43.245000
 -9.280  1.14985725e+08  1.32217171e+16  0.00000000e+00   43.059200
 -9.260  9.59474935e+07  9.20592152e+15  0.00000000e+00   42.873800
 -9.240  8.00942499e+07  6.41508887e+15  0.00000000e+00   42.688800
 -9.220  6.68878233e+07  4.47398090e+15  0.00000000e+00   42.504200
 -9.200  5.58818566e+07  3.12278190e+15  0.00000000e+00   42.320000
 -9.180  4.67059973e+07  2.18145019e+15  0.00000000e+00   42.136200
 -9.160  3.90528338e+07  1.52512383e+15  0.00000000e+00   41.952800
 -9.140  3.26670980e+07  1.06713929e+15  0.00000000e+00   41.769800
 -9.120  2.73367372e+07  7.47297199e+14  0.00000000e+00   41.587200
 -9.100  2.28855282e+07  5.23747400e+14  0.00000000e+00   41.405000
 -9.080  1.91669656e+07  3.67372570e+14  0.00000000e+00   41.223200
 -9.060  1.60592023e+07  2.57897978e+14  0.00000000e+00   41.041800
 -9.040  1.34608590e+07  1.81194726e+14  0.00000000e+00   40.860800
 -9.020  1.12875531e+07  1.27408856e+14  0.00000000e+00   40.680200
 -9.000  9.46902109e+06  8.96623603e+13  0.00000000e+00   40.500000
 -8.980  7.94673308e+06  6.31505666e+13  0.00000000e+00   40.320200
 -8.960  6.67191425e+06  4.45144397e+13  0.00000000e+00   40.140800
 -8.940  5.60390282e+06  3.14037268e+13  0.00000000e+00   39.961800
 -8.920  4.70878721e+06  2.21726770e+13  0.00000000e+00   39.783200
 -8.900  3.95827432e+06  1.56679356e+13  0.00000000e+00   39.605000
 -8.880  3.32874929e+06  1.10805719e+13  0.00000000e+00   39.427200
 -8.860  2.80049424e+06  7.84276798e+12  0.00000000e+00   39.249800
 -8.840  2.35703863e+06  5.55563109e+12  0.00000000e+00   39.072800
 -8.820  1.98461906e+06  3.93871282e+12  0.00000000e+00   38.896200
 -8.800  1.67172979e+06  2.79468050e+12  0.00000000e+00   38.720000
 -8.780  1.40874859e+06  1.98457260e+12  0.00000000e+00   38.544200
 -8.760  1.18762524e+06  1.41045371e+12  0.00000000e+00   38.368800
 -8.740  1.00162205e+06  1.00324674e+12  0.00000000e+00   38.193800
 -8.720  8.45097653e+05  7.14190043e+11  0.00000000e+00   38.019200
 -8.700  7.13326724e+05  5.08835015e+11  0.00000000e+00   37.845000
 -8.680  6.02349702e+05  3.62825163e+11  0.00000000e+00   37.671200
 -8.660  5.08847371e+05  2.58925647e+11  0.00000000e+00   37.497800
 -8.640  4.30036208e+05  1.84931140e+11  0.00000000e+00   37.324800
 -8.620  3.63581009e+05  1.32191150e+11  0.00000000e+00   37.152200
 -8.600  3.07521909e+05  9.45697243e+10  0.00000000e+00   36.980000
 -8.580  2.60213401e+05  6.77110142e+10  0.00000000e+00   36.808200
 -8.560  2.20273377e+05  4.85203607e+10  0.00000000e+00   36.636800
 -8.540  1.86540501e+05  3.47973585e+10  0.00000000e+00   36.465800
 -8.520  1.58038563e+05  2.49761872e+10  0.00000000e+00   36.295200
 -8.500  1.33946642e+05  1.79417030e+10  0.00000000e+00   36.125000
 -8.480  1.13574137e+05  1.28990846e+10  0.00000000e+00   35.955200
 -8.460  9.63398447e+04  9.28136567e+09  0.00000000e+00   35.785800
 -8.440  8.17544391e+04  6.68378832e+09  0.00000000e+00   35.616800
 -8.420  6.94057862e+04  4.81716316e+09  0.00000000e+00   35.448200
 -8.400  5.89466288e+04  3.47470504e+09  0.00000000e+00   35.280000
 -8.380  5.00842590e+04  2.50843299e+09  0.00000000e+00   35.112200
 -8.360  4.25718522e+04  1.81236260e+09  0.00000000e+00   34.944800
 -8.340  3.62011927e+04  1.31052635e+09  0.00000000e+00   34.777800
 -8.320  3.07965651e+04  9.48428421e+08  0.00000000e+00   34.611200
 -8.300  2.62096231e+04  6.86944345e+08  0.00000000e+00   34.445000
 -8.280  2.23150773e+04  4.97962675e+08  0.00000000e+00   34.279200
 -8.260  1.90070696e+04  3.61268696e+08  0.00000000e+00   34.113800
 -8.240  1.61961248e+04  2.62314460e+08  0.00000000e+00   33.948800
 -8.220  1.38065851e+04  1.90621791e+08  0.00000000e+00   33.784200
 -8.200  1.17744510e+04  1.38637697e+08  0.00000000e+00   33.620000
 -8.180  1.00455641e+04  1.00913357e+08  0.00000000e+00   33.456200
 -8.160  8.57407507e+03  7.35147633e+07  0.00000000e+00   33.292800
 -8.140  7.32115430e+03  5.35993003e+07  0.00000000e+00   33.129800
 -8.120  6.25390375e+03  3.91113121e+07  0.00000000e+00   32.967200
 -8.100  5.34444004e+03  2.85630393e+07  0.00000000e+00   32.805000
 -8.080  4.56912079e+03  2.08768648e+07  0.00000000e+00   32.643200
 -8.060  3.90789165e+03  1.52716171e+07  0.00000000e+00   32.481800
 -8.040  3.34373509e+03  1.11805644e+07  0.00000000e+00   32.320800
 -8.020  2.86220488e+03  8.19221680e+06  0.00000000e+00   32.160200
 -8.000  2.45103273e+03  6.00756145e+06  0.00000000e+00   32.000000
 -7.980  2.09979584e+03  4.40914259e+06  0.00000000e+00   31.840200
 -7.960  1.79963584e+03  3.23868915e+06  0.00000000e+00   31.680800
 -7.940  1.54302096e+03  2.38091369e+06  0.00000000e+00   31.521800
 -7.920  1.32354491e+03  1.75177114e+06  0.00000000e+00   31.363200
 -7.900  1.13575652e+03  1.28994287e+06  0.00000000e+00   31.205000
 -7.880  9.75015505e+02  9.50655235e+05  0.00000000e+00   31.047200
 -7.860  8.37370330e+02  7.01189070e+05  0.00000000e+00   30.889800
 -7.840  7.19454630e+02  5.17614964e+05  0.00000000e+00   30.732800
 -7.820  6.18399435e+02  3.82417861e+05  0.00000000e+00   30.576200
 -7.800  5.31758719e+02  2.82767336e+05  0.00000000e+00   30.420000
 -7.780  4.57446231e+02  2.09257054e+05  0.00000000e+00   30.264200
 -7.760  3.93681874e+02  1.54985418e+05  0.00000000e+00   30.108800
 -7.740  3.38946187e+02  1.14884517e+05  0.00000000e+00   29.953800
 -7.720  2.91941669e+02  8.52299384e+04  0.00000000e+00   29.799200
 -7.700  2.51559927e+02  6.32823968e+04  0.00000000e+00   29.645000
 -7.680  2.16853734e+02  4.70255421e+04  0.00000000e+00   29.491200
 -7.660  1.87013286e+02  3.49739690e+04  0.00000000e+00   29.337800
 -7.640  1.61345984e+02  2.60325266e+04  0.00000000e+00   29.184800
 -7.620  1.39259247e+02  1.93931379e+04  0.00000000e+00   29.032200
 -7.600  1.20245863e+02  1.44590677e+04  0.00000000e+00   28.880000
 -7.580  1.03871524e+02  1.07892935e+04  0.00000000e+00   28.728200
 -7.560  8.97641982e+01  8.05761127e+03  0.00000000e+00   28.576800
 -7.540  7.76050781e+01  6.02254815e+03  0.00000000e+00   28.425800
 -7.520  6.71208574e+01  4.50520949e+03  0.00000000e+00   28.275200
 -7.500  5.80771451e+01  3.37295478e+03  0.00000000e+00   28.125000
 -7.480  5.02728460e+01  2.52735904e+03  0.00000000e+00   27.975200
 -7.460  4.35353631e+01  1.89532784e+03  0.00000000e+00   27.825800
 -7.440  3.77165012e+01  1.42253446e+03  0.00000000e+00   27.676800
 -7.420  3.26889667e+01  1.06856854e+03  0.00000000e+00   27.528200
 -7.400  2.83433770e+01  8.03347021e+02  0.00000000e+00   27.380000
 -7.380  2.45857037e+01  6.04456829e+02  0.00000000e+00   27.232200
 -7.360  2.13350853e+01  4.55185866e+02  0.00000000e+00   27.084800
 -7.340  1.85219563e+01  3.43062866e+02  0.00000000e+00   26.937800
 -7.320  1.60864458e+01  2.58773739e+02  0.00000000e+00   26.791200
 -7.300  1.39770063e+01  1.95356705e+02  0.00000000e+00   26.645000
 -7.280  1.21492391e+01  1.47604011e+02  0.00000000e+00   26.499200
 -7.260  1.05648880e+01  1.11616860e+02  0.00000000e+00   26.353800
 -7.240  9.19097669e+00  8.44740525e+01  0.00000000e+00   26.208800
 -7.220  7.99906856e+00  6.39850978e+01  0.00000000e+00   26.064200
 -7.200  6.96463253e+00  4.85061063e+01  0.00000000e+00   25.920000
 -7.180  6.06649820e+00  3.68024004e+01  0.00000000e+00   25.776200
 -7.160  5.28638833e+00  2.79459016e+01  0.00000000e+00   25.632800
 -7.140  4.60851729e+00  2.12384316e+01  0.00000000e+00   25.489800
 -7.120  4.01924606e+00  1.61543389e+01  0.00000000e+00   25.347200
 -7.100  3.50678573e+00  1.22975462e+01  0.00000000e+00   25.205000
 -7.080  3.06094253e+00  9.36936917e+00  0.00000000e+00   25.063200
 -7.060  2.67289856e+00  7.14438669e+00  0.00000000e+00   24.921800
 -7.040  2.33502310e+00  5.45233288e+00  0.00000000e+00   24.780800
 -7.020  2.04071022e+00  4.16449820e+00  0.00000000e+00   24.640200
 -7.000  1.78423888e+00  3.18350838e+00  0.00000000e+00   24.500000
 -6.980  1.56065249e+00  2.43563618e+00  0.00000000e+00   24.360200
 -6.960  1.36565506e+00  1.86501375e+00  0.00000000e+00   24.220800
 -6.940  1.19552175e+00  1.42927225e+00  0.00000000e+00   24.081800
 -6.920  1.04702161e+00  1.09625425e+00  0.00000000e+00   23.943200
 -6.900  9.17351046e-01  8.41532942e-01  0.00000000e+00   23.805000
 -6.880  8.04076339e-01  6.46538758e-01  0.00000000e+00   23.667200
 -6.860  7.05084003e-01  4.97143451e-01  0.00000000e+00   23.529800
 -6.840  6.18537950e-01  3.82589196e-01  0.00000000e+00   23.392800
 -6.820  5.42842453e-01  2.94677928e-01  0.00000000e+00   23.256200
 -6.800  4.76610137e-01  2.27157223e-01  0.00000000e+00   23.120000
 -6.780  4.18634309e-01  1.75254685e-01  0.00000000e+00   22.984200
 -6.760  3.67865017e-01  1.35324670e-01  0.00000000e+00   22.848800
 -6.740  3.23388329e-01  1.04580012e-01  0.00000000e+00   22.713800
 -6.720  2.84408411e-01  8.08881442e-02  0.00000000e+00   22.579200
 -6.700  2.50231987e-01  6.26160475e-02  0.00000000e+00   22.445000
 -6.680  2.20254895e-01  4.85122186e-02  0.00000000e+00   22.311200
 -6.660  1.93950419e-01  3.76167651e-02  0.00000000e+00   22.177800
 -6.640  1.70859192e-01  2.91928634e-02  0.00000000e+00   22.044800
 -6.620  1.50580419e-01  2.26744626e-02  0.00000000e+00   21.912200
 -6.600  1.32764280e-01  1.76263541e-02  0.00000000e+00   21.780000
 -6.580  1.17105324e-01  1.37136568e-02  0.00000000e+00   21.648200
 -6.560  1.03336737e-01  1.06784811e-02  0.00000000e+00   21.516800
 -6.540  9.12253669e-02  8.32206756e-03  0.00000000e+00   21.385800
 -6.520  8.05673965e-02  6.49110538e-03  0.00000000e+00   21.255200
 -6.500  7.11845819e-02  5.06724471e-03  0.00000000e+00   21.125000
 -6.480  6.29209845e-02  3.95905029e-03  0.00000000e+00   20.995200
 -6.460  5.56401260e-02  3.09582362e-03  0.00000000e+00   20.865800
 -6.440  4.92225139e-02  2.42285588e-03  0.00000000e+00   20.736800
 -6.420  4.35634866e-02  1.89777737e-03  0.00000000e+00   20.608200
 -6.400  3.85713371e-02  1.48774804e-03  0.00000000e+00   20.480000
 -6.380  3.41656780e-02  1.16729356e-03  0.00000000e+00   20.352200
 -6.360  3.02760176e-02  9.16637240e-04  0.00000000e+00   20.224800
 -6.340  2.68405169e-02  7.20413345e-04  0.00000000e+00   20.097800
 -6.320  2.38049070e-02  5.66673598e-04  0.00000000e+00   19.971200
 -6.300  2.11215439e-02  4.46119618e-04  0.00000000e+00   19.845000
 -6.280  1.87485833e-02  3.51509376e-04  0.00000000e+00   19.719200
 -6.260  1.66492603e-02  2.77197869e-04  0.00000000e+00   19.593800
 -6.240  1.47912606e-02  2.18781391e-04  0.00000000e+00   19.468800
 -6.220  1.31461705e-02  1.72821799e-04  0.00000000e+00   19.344200
 -6.200  1.16889963e-02  1.36632635e-04  0.00000000e+00   19.220000
 -6.180  1.03977444e-02  1.08113088e-04  0.00000000e+00   19.096200
 -6.160  9.25305335e-03  8.56189962e-05  0.00000000e+00   18.972800
 -6.140  8.23787257e-03  6.78625445e-05  0.00000000e+00   18.849800
 -6.120  7.33718048e-03  5.38342174e-05  0.00000000e+00   18.727200
 -6.100  6.53773800e-03  4.27420182e-05  0.00000000e+00   18.605000
 -6.080  5.82787253e-03  3.39640982e-05  0.00000000e+00   18.483200
 -6.060  5.19728858e-03  2.70118086e-05  0.00000000e+00   18.361800
 -6.040  4.63690182e-03  2.15008585e-05  0.00000000e+00   18.240800
 -6.020  4.13869346e-03  1.71287836e-05  0.00000000e+00   18.120200
 -6.000  3.69558254e-03  1.36573303e-05  0.00000000e+00   18.000000
 -5.980  3.30131384e-03  1.08986731e-05  0.00000000e+00   17.880200
 -5.960  2.95035942e-03  8.70462070e-06  0.00000000e+00   17.760800
 -5.940  2.63783217e-03  6.95815854e-06  0.00000000e+00   17.641800
 -5.920  2.35940985e-03  5.56681485e-06  0.00000000e+00   17.523200
 -5.900  2.11126834e-03  4.45745401e-06  0.00000000e+00   17.405000
 -5.880  1.89002288e-03  3.57218648e-06  0.00000000e+00   17.287200
 -5.860  1.69267643e-03  2.86515351e-06  0.00000000e+00   17.169800
 -5.840  1.51657427e-03  2.29999751e-06  0.00000000e+00   17.052800
 -5.820  1.35936391e-03  1.84787023e-06  0.00000000e+00   16.936200
 -5.800  1.21895992e-03  1.48586328e-06  0.00000000e+00   16.820000
 -5.780  1.09351287e-03  1.19577039e-06  0.00000000e+00   16.704200
 -5.760  9.81381962e-04  9.63110555e-07  0.00000000e+00   16.588800
 -5.740  8.81110947e-04  7.76356500e-07  0.00000000e+00   16.473800
 -5.720  7.91406821e-04  6.26324756e-07  0.00000000e+00   16.359200
 -5.700  7.11121080e-04  5.05693191e-07  0.00000000e+00   16.245000
 -5.680  6.39233155e-04  4.08619026e-07  0.00000000e+00   16.131200
 -5.660  5.74835784e-04  3.30436178e-07  0.00000000e+00   16.017800
 -5.640  5.17122099e-04  2.67415265e-07  0.00000000e+00   15.904800
 -5.620  4.65374213e-04  2.16573158e-07  0.00000000e+00   15.792200
 -5.600  4.18953127e-04  1.75521723e-07  0.00000000e+00   15.680000
 -5.580  3.77289812e-04  1.42347602e-07  0.00000000e+00   15.568200
 -5.560  3.39877313e-04  1.15516588e-07  0.00000000e+00   15.456800
 -5.540  3.06263765e-04  9.37974935e-08  0.00000000e+00   15.345800
 -5.520  2.76046204e-04  7.62015066e-08  0.00000000e+00   15.235200
 -5.500  2.48865093e-04  6.19338345e-08  0.00000000e+00   15.125000
 -5.480  2.24399464e-04  5.03551194e-08  0.00000000e+00   15.015200
 -5.460  2.02362612e-04  4.09506266e-08  0.00000000e+00   14.905800
 -5.440  1.82498278e-04  3.33056214e-08  0.00000000e+00   14.796800
 -5.420  1.64577260e-04  2.70856745e-08  0.00000000e+00   14.688200
 -5.400  1.48394403e-04  2.20208990e-08  0.00000000e+00   14.580000
 -5.380  1.33765927e-04  1.78933233e-08  0.00000000e+00   14.472200
 -5.360  1.20527047e-04  1.45267691e-08  0.00000000e+00   14.364800
 -5.340  1.08529860e-04  1.17787306e-08  0.00000000e+00   14.257800
 -5.320  9.76414645e-05  9.53385558e-09  0.00000000e+00   14.151200
 -5.300  8.77422783e-05  7.69870739e-09  0.00000000e+00   14.045000
 -5.280  7.87245468e-05  6.19755426e-09  0.00000000e+00   13.939200
 -5.260  7.04910055e-05  4.96898185e-09  0.00000000e+00   13.833800
 -5.240  6.29536867e-05  3.96316667e-09  0.00000000e+00   13.728800
 -5.220  5.60328517e-05  3.13968047e-09  0.00000000e+00   13.624200
 -5.200  4.96560332e-05  2.46572163e-09  0.00000000e+00   13.520000
 -5.180  4.37571766e-05  1.91469050e-09  0.00000000e+00   13.416200
 -5.160  3.82758669e-05  1.46504199e-09  0.00000000e+00   13.312800
 -5.140  3.31566324e-05  1.09936227e-09  0.00000000e+00   13.209800
 -5.120  2.83483156e-05  8.03626996e-10  0.00000000e+00   13.107200
 -5.100  2.38035029e-05  5.66606752e-10  0.00000000e+00   13.005000
 -5.080  1.94780069e-05  3.79392753e-10  0.00000000e+00   12.903200
 -5.060  1.53303933e-05  2.35020959e-10  0.00000000e+00   12.801800
 -5.040  1.13215485e-05  1.28177461e-10  0.00000000e+00   12.700800
 -5.020  7.41428141e-06  5.49715688e-11  0.00000000e+00   12.600200
 -5.000  3.57295516e-06  1.27660086e-11  0.00000000e+00   12.500000
 -4.980 -2.36854862e-07  5.61002258e-14  0.00000000e+00   12.400200
 -4.960 -4.04868116e-06  1.63918192e-11  0.00000000e+00   12.300800
 -4.940 -7.89546529e-06  6.23383721e-11  0.00000000e+00   12.201800
 -4.920 -1.18098433e-05  1.39472398e-10  0.00000000e+00   12.103200
 -4.900 -1.58244181e-05  2.50412209e-10  0.00000000e+00   12.005000
 -4.880 -1.99720216e-05  3.98881647e-10  0.00000000e+00   11.907200
 -4.860 -2.42859683e-05  5.89808255e-10  0.00000000e+00   11.809800
 -4.840 -2.88003029e-05  8.29457445e-10  0.00000000e+00   11.712800
 -4.820 -3.35500441e-05  1.12560546e-09  0.00000000e+00   11.616200
 -4.800 -3.85714258e-05  1.48775489e-09  0.00000000e+00   11.520000
 -4.780 -4.39021375e-05  1.92739768e-09  0.00000000e+00   11.424200
 -4.760 -4.95815658e-05  2.45833167e-09  0.00000000e+00   11.328800
 -4.740 -5.56510383e-05  3.09703806e-09  0.00000000e+00   11.233800
 -4.720 -6.21540709e-05  3.86312853e-09  0.00000000e+00   11.139200
 -4.700 -6.91366210e-05  4.77987236e-09  0.00000000e+00   11.045000
 -4.680 -7.66473454e-05  5.87481556e-09  0.00000000e+00   10.951200
 -4.660 -8.47378673e-05  7.18050616e-09  0.00000000e+00   10.857800
 -4.640 -9.34630510e-05  8.73534190e-09  0.00000000e+00   10.764800
 -4.620 -1.02881286e-04  1.05845590e-08  0.00000000e+00   10.672200
 -4.600 -1.13054783e-04  1.27813841e-08  0.00000000e+00   10.580000
 -4.580 -1.24049881e-04  1.53883730e-08  0.00000000e+00   10.488200
 -4.560 -1.35937365e-04  1.84789673e-08  0.00000000e+00   10.396800
 -4.540 -1.48792803e-04  2.21392982e-08  0.00000000e+00   10.305800
 -4.520 -1.62696890e-04  2.64702779e-08  0.00000000e+00   10.215200
 -4.500 -1.77735815e-04  3.15900198e-08  0.00000000e+00   10.125000
 -4.480 -1.94001639e-04  3.76366359e-08  0.00000000e+00   10.035200
 -4.460 -2.11592695e-04  4.47714684e-08  0.00000000e+00    9.945800
 -4.440 -2.30613999e-04  5.31828166e-08  0.00000000e+00    9.856800
 -4.420 -2.51177691e-04  6.30902324e-08  0.00000000e+00    9.768200
 -4.400 -2.73403483e-04  7.47494647e-08  0.00000000e+00    9.680000
 -4.380 -2.97419140e-04  8.84581449e-08  0.00000000e+00    9.592200
 -4.360 -3.23360972e-04  1.04562319e-07  0.00000000e+00    9.504800
 -4.340 -3.51374357e-04  1.23463939e-07  0.00000000e+00    9.417800
 -4.320 -3.81614279e-04  1.45629458e-07  0.00000000e+00    9.331200
 -4.300 -4.14245896e-04  1.71599662e-07  0.00000000e+00    9.245000
 -4.280 -4.49445128e-04  2.02000923e-07  0.00000000e+00    9.159200
 -4.260 -4.87399274e-04  2.37558052e-07  0.00000000e+00    9.073800
 -4.240 -5.28307648e-04  2.79108971e-07  0.00000000e+00    8.988800
 -4.220 -5.72382249e-04  3.27621438e-07  0.00000000e+00    8.904200
 -4.200 -6.19848450e-04  3.84212101e-07  0.00000000e+00    8.820000
 -4.180 -6.70945720e-04  4.50168159e-07  0.00000000e+00    8.736200
 -4.160 -7.25928369e-04  5.26971998e-07  0.00000000e+00    8.652800
 -4.140 -7.85066323e-04  6.16329132e-07  0.00000000e+00    8.569800
 -4.120 -8.48645923e-04  7.20199903e-07  0.00000000e+00    8.487200
 -4.100 -9.16970759e-04  8.40835373e-07  0.00000000e+00    8.405000
 -4.080 -9.90362523e-04  9.80817928e-07  0.00000000e+00    8.323200
 -4.060 -1.06916190e-03  1.14310717e-06  0.00000000e+00    8.241800
 -4.040 -1.15372947e-03  1.33109170e-06  0.00000000e+00    8.160800
 -4.020 -1.24444667e-03  1.54864752e-06  0.00000000e+00    8.080200
 -4.000 -1.34171674e-03  1.80020381e-06  0.00000000e+00    8.000000
 -3.980 -1.44596572e-03  2.09081686e-06  0.00000000e+00    7.920200
 -3.960 -1.55764348e-03  2.42625321e-06  0.00000000e+00    7.840800
 -3.940 -1.67722477e-03  2.81308293e-06  0.00000000e+00    7.761800
 -3.920 -1.80521027e-03  3.25878411e-06  0.00000000e+00    7.683200
 -3.900 -1.94212769e-03  3.77185997e-06  0.00000000e+00    7.605000
 -3.880 -2.08853291e-03  4.36196971e-06  0.00000000e+00    7.527200
 -3.860 -2.24501107e-03  5.04007469e-06  0.00000000e+00    7.449800
 -3.840 -2.41217775e-03  5.81860150e-06  0.00000000e+00    7.372800
 -3.820 -2.59068016e-03  6.71162368e-06  0.00000000e+00    7.296200
 -3.800 -2.78119828e-03  7.73506387e-06  0.00000000e+00    7.220000
 -3.780 -2.98444610e-03  8.90691850e-06  0.00000000e+00    7.144200
 -3.760 -3.20117280e-03  1.02475073e-05  0.00000000e+00    7.068800
 -3.740 -3.43216399e-03  1.17797496e-05  0.00000000e+00    6.993800
 -3.720 -3.67824291e-03  1.35294709e-05  0.00000000e+00    6.919200
 -3.700 -3.94027169e-03  1.55257410e-05  0.00000000e+00    6.845000
 -3.680 -4.21915251e-03  1.78012479e-05  0.00000000e+00    6.771200
 -3.660 -4.51582887e-03  2.03927103e-05  0.00000000e+00    6.697800
 -3.640 -4.83128677e-03  2.33413318e-05  0.00000000e+00    6.624800
 -3.620 -5.16655591e-03  2.66932999e-05  0.00000000e+00    6.552200
 -3.600 -5.52271086e-03  3.05003353e-05  0.00000000e+00    6.480000
 -3.580 -5.90087223e-03  3.48202931e-05  0.00000000e+00    6.408200
 -3.560 -6.30220774e-03  3.97178224e-05  0.00000000e+00    6.336800
 -3.540 -6.72793338e-03  4.52650876e-05  0.00000000e+00    6.265800
 -3.520 -7.17931439e-03  5.15425552e-05  0.00000000e+00    6.195200
 -3.500 -7.65766633e-03  5.86398537e-05  0.00000000e+00    6.125000
 -3.480 -8.16435598e-03  6.66567086e-05  0.00000000e+00    6.055200
 -3.460 -8.70080227e-03  7.57039601e-05  0.00000000e+00    5.985800
 -3.440 -9.26847708e-03  8.59046673e-05  0.00000000e+00    5.916800
 -3.420 -9.86890603e-03  9.73953061e-05  0.00000000e+00    5.848200
 -3.400 -1.05036691e-02  1.10327065e-04  0.00000000e+00    5.780000
 -3.380 -1.11744014e-02  1.24867248e-04  0.00000000e+00    5.712200
 -3.360 -1.18827935e-02  1.41200780e-04  0.00000000e+00    5.644800
 -3.340 -1.26305916e-02  1.59531844e-04  0.00000000e+00    5.577800
 -3.320 -1.34195985e-02  1.80085623e-04  0.00000000e+00    5.511200
 -3.300 -1.42516730e-02  2.03110182e-04  0.00000000e+00    5.445000
 -3.280 -1.51287304e-02  2.28878485e-04  0.00000000e+00    5.379200
 -3.260 -1.60527425e-02  2.57690542e-04  0.00000000e+00    5.313800
 -3.240 -1.70257367e-02  2.89875712e-04  0.00000000e+00    5.248800
 -3.220 -1.80497964e-02  3.25795152e-04  0.00000000e+00    5.184200
 -3.200 -1.91270599e-02  3.65844421e-04  0.00000000e+00    5.120000
 -3.180 -2.02597198e-02  4.10456247e-04  0.00000000e+00    5.056200
 -3.160 -2.14500222e-02  4.60103450e-04  0.00000000e+00    4.992800
 -3.140 -2.27002653e-02  5.15302042e-04  0.00000000e+00    4.929800
 -3.120 -2.40127984e-02  5.76614485e-04  0.00000000e+00    4.867200
 -3.100 -2.53900202e-02  6.44653124e-04  0.00000000e+00    4.805000
 -3.080 -2.68343770e-02  7.20083789e-04  0.00000000e+00    4.743200
 -3.060 -2.83483608e-02  8.03629562e-04  0.00000000e+00    4.681800
 -3.040 -2.99345072e-02  8.96074719e-04  0.00000000e+00    4.620800
 -3.020 -3.15953923e-02  9.98268818e-04  0.00000000e+00    4.560200
 -3.000 -3.33336310e-02  1.11113096e-03  0.00000000e+00    4.500000
 -2.980 -3.51518731e-02  1.23565418e-03  0.00000000e+00    4.440200
 -2.960 -3.70528004e-02  1.37291002e-03  0.00000000e+00    4.380800
 -2.940 -3.90391231e-02  1.52405313e-03  0.00000000e+00    4.321800
 -2.920 -4.11135760e-02  1.69032613e-03  0.00000000e+00    4.263200
 -2.900 -4.32789142e-02  1.87306442e-03  0.00000000e+00    4.205000
 -2.880 -4.55379090e-02  2.07370115e-03  0.00000000e+00    4.147200
 -2.860 -4.78933426e-02  2.29377226e-03  0.00000000e+00    4.089800
 -2.840 -5.03480036e-02  2.53492147e-03  0.00000000e+00    4.032800
 -2.820 -5.29046814e-02  2.79890531e-03  0.00000000e+00    3.976200
 -2.800 -5.55661603e-02  3.08759817e-03  0.00000000e+00    3.920000
 -2.780 -5.83352139e-02  3.40299718e-03  0.00000000e+00    3.864200
 -2.760 -6.12145983e-02  3.74722705e-03  0.00000000e+00    3.808800
 -2.740 -6.42070460e-02  4.12254476e-03  0.00000000e+00    3.753800
 -2.720 -6.73152584e-02  4.53134402e-03  0.00000000e+00    3.699200
 -2.700 -7.05418988e-02  4.97615948e-03  0.00000000e+00    3.645000
 -2.680 -7.38895846e-02  5.45967071e-03  0.00000000e+00    3.591200
 -2.660 -7.73608795e-02  5.98470568e-03  0.00000000e+00    3.537800
 -2.640 -8.09582854e-02  6.55424397e-03  0.00000000e+00    3.484800
 -2.620 -8.46842334e-02  7.17141939e-03  0.00000000e+00    3.432200
 -2.600 -8.85410756e-02  7.83952207e-03  0.00000000e+00    3.380000
 -2.580 -9.25310754e-02  8.56199992e-03  0.00000000e+00    3.328200
 -2.560 -9.66563985e-02  9.34245938e-03  0.00000000e+00    3.276800
 -2.540 -1.00919103e-01  1.01846654e-02  0.00000000e+00    3.225800
 -2.520 -1.05321130e-01  1.10925404e-02  0.00000000e+00    3.175200
 -2.500 -1.09864293e-01  1.20701628e-02  0.00000000e+00    3.125000
 -2.480 -1.14550267e-01  1.31217636e-02  0.00000000e+00    3.075200
 -2.460 -1.19380579e-01  1.42517226e-02  0.00000000e+00    3.025800
 -2.440 -1.24356598e-01  1.54645634e-02  0.00000000e+00    2.976800
 -2.420 -1.29479521e-01  1.67649464e-02  0.00000000e+00    2.928200
 -2.400 -1.34750367e-01  1.81576614e-02  0.00000000e+00    2.880000
 -2.380 -1.40169960e-01  1.96476177e-02  0.00000000e+00    2.832200
 -2.360 -1.45738923e-01  2.12398337e-02  0.00000000e+00    2.784800
 -2.340 -1.51457663e-01  2.29394238e-02  0.00000000e+00    2.737800
 -2.320 -1.57326363e-01  2.47515846e-02  0.00000000e+00    2.691200
 -2.300 -1.63344968e-01  2.66815787e-02  0.00000000e+00    2.645000
 -2.280 -1.69513176e-01  2.87347168e-02  0.00000000e+00    2.599200
 -2.260 -1.75830424e-01  3.09163380e-02  0.00000000e+00    2.553800
 -2.240 -1.82295881e-01  3.32317882e-02  0.00000000e+00    2.508800
 -2.220 -1.88908433e-01  3.56863962e-02  0.00000000e+00    2.464200
 -2.200 -1.95666677e-01  3.82854485e-02  0.00000000e+00    2.420000
 -2.180 -2.02568906e-01  4.10341615e-02  0.00000000e+00    2.376200
 -2.160 -2.09613100e-01  4.39376516e-02  0.00000000e+00    2.332800
 -2.140 -2.16796919e-01  4.70009041e-02  0.00000000e+00    2.289800
 -2.120 -2.24117691e-01  5.02287394e-02  0.00000000e+00    2.247200
 -2.100 -2.31572402e-01  5.36257775e-02  0.00000000e+00    2.205000
 -2.080 -2.39157691e-01  5.71964010e-02  0.00000000e+00    2.163200
 -2.060 -2.46869836e-01  6.09447159e-02  0.00000000e+00    2.121800
 -2.040 -2.54704753e-01  6.48745114e-02  0.00000000e+00    2.080800
 -2.020 -2.62657985e-01  6.89892172e-02  0.00000000e+00    2.040200
 -2.000 -2.70724695e-01  7.32918606e-02  0.00000000e+00    2.000000
 -1.980 -2.78899663e-01  7.77850218e-02  0.00000000e+00    1.960200
 -1.960 -2.87177277e-01  8.24707883e-02  0.00000000e+00    1.920800
 -1.940 -2.95551533e-01  8.73507088e-02  0.00000000e+00    1.881800
 -1.920 -3.04016030e-01  9.24257463e-02  0.00000000e+00    1.843200
 -1.900 -3.12563963e-01  9.76962310e-02  0.00000000e+00    1.805000
 -1.880 -3.21188128e-01  1.03161814e-01  0.00000000e+00    1.767200
 -1.860 -3.29880917e-01  1.08821420e-01  0.00000000e+00    1.729800
 -1.840 -3.38634318e-01  1.14673201e-01  0.00000000e+00    1.692800
 -1.820 -3.47439917e-01  1.20714496e-01  0.00000000e+00    1.656200
 -1.800 -3.56288898e-01  1.26941779e-01  0.00000000e+00    1.620000
 -1.780 -3.65172050e-01  1.33350626e-01  0.00000000e+00    1.584200
 -1.760 -3.74079768e-01  1.39935673e-01  0.00000000e+00    1.548800
 -1.740 -3.83002058e-01  1.46690577e-01  0.00000000e+00    1.513800
 -1.720 -3.91928546e-01  1.53607985e-01  1.62579308e+00    1.479200
 -1.700 -4.00848481e-01  1.60679504e-01  9.99805665e-01    1.445000
 -1.680 -4.09750749e-01  1.67895676e-01  7.86847293e-01    1.411200
 -1.660 -4.18623880e-01  1.75245953e-01  6.70751009e-01    1.377800
 -1.640 -4.27456058e-01  1.82718682e-01  5.95183769e-01    1.344800
 -1.620 -4.36235137e-01  1.90301095e-01  5.41064629e-01    1.312200
 -1.600 -4.44948651e-01  1.97979302e-01  4.99902832e-01    1.280000
 -1.580 -4.53583829e-01  2.05738290e-01  4.67271265e-01    1.248200
 -1.560 -4.62127615e-01  2.13561933e-01  4.40605905e-01    1.216800
 -1.540 -4.70566681e-01  2.21433001e-01  4.18305763e-01    1.185800
 -1.520 -4.78887445e-01  2.29333185e-01  3.99312871e-01    1.155200
 -1.500 -4.87076096e-01  2.37243123e-01  3.82896418e-01    1.125000
 -1.480 -4.95118608e-01  2.45142436e-01  3.68533257e-01    1.095200
 -1.460 -5.03000766e-01  2.53009771e-01  3.55837757e-01    1.065800
 -1.440 -5.10708191e-01  2.60822856e-01  3.44518591e-01    1.036800
 -1.420 -5.18226358e-01  2.68558558e-01  3.34351038e-01    1.008200
 -1.400 -5.25540626e-01  2.76192949e-01  3.25158616e-01    0.980000
 -1.380 -5.32636264e-01  2.83701389e-01  3.16800548e-01    0.952200
 -1.360 -5.39498476e-01  2.91058606e-01  3.09162990e-01    0.924800
 -1.340 -5.46112433e-01  2.98238789e-01  3.02152758e-01    0.897800
 -1.320 -5.52463296e-01  3.05215693e-01  2.95692747e-01    0.871200
 -1.300 -5.58536252e-01  3.11962745e-01  2.89718540e-01    0.845000
 -1.280 -5.64316543e-01  3.18453161e-01  2.84175848e-01    0.819200
 -1.260 -5.69789494e-01  3.24660067e-01  2.79018552e-01    0.793800
 -1.240 -5.74940549e-01  3.30556635e-01  2.74207195e-01    0.768800
 -1.220 -5.79755303e-01  3.36116211e-01  2.69707792e-01    0.744200
 -1.200 -5.84219531e-01  3.41312460e-01  2.65490898e-01    0.720000
 -1.180 -5.88319227e-01  3.46119513e-01  2.61530857e-01    0.696200
 -1.160 -5.92040634e-01  3.50512112e-01  2.57805201e-01    0.672800
 -1.140 -5.95370278e-01  3.54465768e-01  2.54294161e-01    0.649800
 -1.120 -5.98295005e-01  3.57956913e-01  2.50980262e-01    0.627200
 -1.100 -6.00802010e-01  3.60963055e-01  2.47848001e-01    0.605000
 -1.080 -6.02878876e-01  3.63462939e-01  2.44883563e-01    0.583200
 -1.060 -6.04513605e-01  3.65436698e-01  2.42074600e-01    0.561800
 -1.040 -6.05694650e-01  3.66866009e-01  2.39410036e-01    0.540800
 -1.020 -6.06410952e-01  3.67734243e-01  2.36879905e-01    0.520200
 -1.000 -6.06651972e-01  3.68026615e-01  2.34475212e-01    0.500000
 -0.980 -6.06407718e-01  3.67730320e-01  2.32187820e-01    0.480200
 -0.960 -6.05668783e-01  3.66834675e-01  2.30010345e-01    0.460800
 -0.940 -6.04426374e-01  3.65331241e-01  2.27936072e-01    0.441800
 -0.920 -6.02672337e-01  3.63213946e-01  2.25958880e-01    0.423200
 -0.900 -6.00399192e-01  3.60479190e-01  2.24073180e-01    0.405000
 -0.880 -5.97600159e-01  3.57125949e-01  2.22273854e-01    0.387200
 -0.860 -5.94269180e-01  3.53155858e-01  2.20556208e-01    0.369800
 -0.840 -5.90400951e-01  3.48573283e-01  2.18915932e-01    0.352800
 -0.820 -5.85990942e-01  3.43385385e-01  2.17349058e-01    0.336200
 -0.800 -5.81035421e-01  3.37602161e-01  2.15851929e-01    0.320000
 -0.780 -5.75531472e-01  3.31236475e-01  2.14421171e-01    0.304200
 -0.760 -5.69477018e-01  3.24304074e-01  2.13053664e-01    0.288800
 -0.740 -5.62870836e-01  3.16823578e-01  2.11746520e-01    0.273800
 -0.720 -5.55712573e-01  3.08816464e-01  2.10497065e-01    0.259200
 -0.700 -5.48002763e-01  3.00307029e-01  2.09302818e-01    0.245000
 -0.680 -5.39742834e-01  2.91322327e-01  2.08161473e-01    0.231200
 -0.660 -5.30935120e-01  2.81892102e-01  2.07070891e-01    0.217800
 -0.640 -5.21582872e-01  2.72048692e-01  2.06029078e-01    0.204800
 -0.620 -5.11690256e-01  2.61826918e-01  2.05034183e-01    0.192200
 -0.600 -5.01262367e-01  2.51263961e-01  2.04084477e-01    0.180000
 -0.580 -4.90305222e-01  2.40399211e-01  2.03178352e-01    0.168200
 -0.560 -4.78825763e-01  2.29274112e-01  2.02314307e-01    0.156800
 -0.540 -4.66831854e-01  2.17931980e-01  2.01490945e-01    0.145800
 -0.520 -4.54332273e-01  2.06417814e-01  2.00706959e-01    0.135200
 -0.500 -4.41336709e-01  1.94778090e-01  1.99961133e-01    0.125000
 -0.480 -4.27855748e-01  1.83060541e-01  1.99252331e-01    0.115200
 -0.460 -4.13900864e-01  1.71313926e-01  1.98579493e-01    0.105800
 -0.440 -3.99484404e-01  1.59587789e-01  1.97941633e-01    0.096800
 -0.420 -3.84619567e-01  1.47932212e-01  1.97337830e-01    0.088200
 -0.400 -3.69320395e-01  1.36397554e-01  1.96767227e-01    0.080000
 -0.380 -3.53601740e-01  1.25034190e-01  1.96229026e-01    0.072200
 -0.360 -3.37479251e-01  1.13892245e-01  1.95722487e-01    0.064800
 -0.340 -3.20969344e-01  1.03021320e-01  1.95246920e-01    0.057800
 -0.320 -3.04089174e-01  9.24702259e-02  1.94801689e-01    0.051200
 -0.300 -2.86856610e-01  8.22867146e-02  1.94386205e-01    0.045000
 -0.280 -2.69290198e-01  7.25172109e-02  1.93999923e-01    0.039200
 -0.260 -2.51409135e-01  6.32065529e-02  1.93642344e-01    0.033800
 -0.240 -2.33233226e-01  5.43977377e-02  1.93313008e-01    0.028800
 -0.220 -2.14782856e-01  4.61316752e-02  1.93011499e-01    0.024200
 -0.200 -1.96078946e-01  3.84469532e-02  1.92737437e-01    0.020000
 -0.180 -1.77142918e-01  3.13796132e-02  1.92490480e-01    0.016200
 -0.160 -1.57996648e-01  2.49629406e-02  1.92270320e-01    0.012800
 -0.140 -1.38662431e-01  1.92272697e-02  1.92076688e-01    0.009800
 -0.120 -1.19162933e-01  1.41998046e-02  1.91909346e-01    0.007200
 -0.100 -9.95211501e-02  9.90445933e-03  1.91768089e-01    0.005000
 -0.080 -7.97603596e-02  6.36171497e-03  1.91652748e-01    0.003200
 -0.060 -5.99040768e-02  3.58849841e-03  1.91563182e-01    0.001800
 -0.040 -3.99760072e-02  1.59808115e-03  1.91499282e-01    0.000800
 -0.020 -2.00000000e-02  4.00000000e-04  1.91460974e-01    0.000200
  0.000  0.00000000e+00  0.00000000e+00  1.91448209e-01    0.000000
  0.020  2.00000000e-02  4.00000000e-04  1.91460974e-01    0.000200
  0.040  3.99760072e-02  1.59808115e-03  1.91499282e-01    0.000800
  0.060  5.99040768e-02  3.58849841e-03  1.91563182e-01    0.001800
  0.080  7.97603596e-02  6.36171497e-03  1.91652748e-01    0.003200
  0.100  9.95211501e-02  9.90445933e-03  1.91768089e-01    0.005000
  0.120  1.19162933e-01  1.41998046e-02  1.91909346e-01    0.007200
  0.140  1.38662431e-01  1.92272697e-02  1.92076688e-01    0.009800
  0.160  1.57996648e-01  2.49629406e-02  1.92270320e-01    0.012800
  0.180  1.77142918e-01  3.13796132e-02  1.92490480e-01    0.016200
  0.200  1.96078946e-01  3.84469532e-02  1.92737437e-01    0.020000
  0.220  2.14782856e-01  4.61316752e-02  1.93011499e-01    0.024200
  0.240  2.33233226e-01  5.43977377e-02  1.93313008e-01    0.028800
  0.260  2.51409135e-01  6.32065529e-02  1.93642344e-01    0.033800
  0.280  2.69290198e-01  7.25172109e-02  1.93999923e-01    0.039200
  0.300  2.86856610e-01  8.22867146e-02  1.94386205e-01    0.045000
  0.320  3.04089174e-01  9.24702259e-02  1.94801689e-01    0.051200
  0.340  3.20969344e-01  1.03021320e-01  1.95246920e-01    0.057800
  0.360  3.37479251e-01  1.13892245e-01  1.95722487e-01    0.064800
  0.380  3.53601740e-01  1.25034190e-01  1.96229026e-01    0.072200
  0.400  3.69320395e-01  1.36397554e-01  1.96767227e-01    0.080000
  0.420  3.84619567e-01  1.47932212e-01  1.97337830e-01    0.088200
  0.440  3.99484404e-01  1.59587789e-01  1.97941633e-01    0.096800
  0.460  4.13900864e-01  1.71313926e-01  1.98579493e-01    0.105800
  0.480  4.27855748e-01  1.83060541e-01  1.99252331e-01    0.115200
  0.500  4.41336709e-01  1.94778090e-01  1.99961133e-01    0.125000
  0.520  4.54332273e-01  2.06417814e-01  2.00706959e-01    0.135200
  0.540  4.66831854e-01  2.17931980e-01  2.01490945e-01    0.145800
  0.560  4.78825763e-01  2.29274112e-01  2.02314307e-01    0.156800
  0.580  4.90305222e-01  2.40399211e-01  2.03178352e-01    0.168200
  0.600  5.01262367e-01  2.51263961e-01  2.04084477e-01    0.180000
  0.620  5.11690256e-01  2.61826918e-01  2.05034183e-01    0.192200
  0.640  5.21582872e-01  2.72048692e-01  2.06029078e-01    0.204800
  0.660  5.30935120e-01  2.81892102e-01  2.07070891e-01    0.217800
  0.680  5.39742834e-01  2.91322327e-01  2.08161473e-01    0.231200
  0.700  5.48002763e-01  3.00307029e-01  2.09302818e-01    0.245000
  0.720  5.55712573e-01  3.08816464e-01  2.10497065e-01    0.259200
  0.740  5.62870836e-01  3.16823578e-01  2.11746520e-01    0.273800
  0.760  5.69477018e-01  3.24304074e-01  2.13053664e-01    0.288800
  0.780  5.75531472e-01  3.31236475e-01  2.14421171e-01    0.304200
  0.800  5.81035421e-01  3.37602161e-01  2.15851929e-01    0.320000
  0.820  5.85990942e-01  3.43385385e-01  2.17349058e-01    0.336200
  0.840  5.90400951e-01  3.48573283e-01  2.18915932e-01    0.352800
  0.860  5.94269180e-01  3.53155858e-01  2.20556208e-01    0.369800
  0.880  5.97600159e-01  3.57125949e-01  2.22273854e-01    0.387200
  0.900  6.00399192e-01  3.60479190e-01  2.24073180e-01    0.405000
  0.920  6.02672337e-01  3.63213946e-01  2.25958880e-01    0.423200
  0.940  6.04426374e-01  3.65331241e-01  2.27936072e-01    0.441800
  0.960  6.05668783e-01  3.66834675e-01  2.30010345e-01    0.460800
  0.980  6.06407718e-01  3.67730320e-01  2.32187820e-01    0.480200
  1.000  6.06651972e-01  3.68026615e-01  2.34475212e-01    0.500000
  1.020  6.06410952e-01  3.67734243e-01  2.36879905e-01    0.520200
  1.040  6.05694650e-01  3.66866009e-01  2.39410036e-01    0.540800
  1.060  6.04513605e-01  3.65436698e-01  2.42074600e-01    0.561800
  1.080  6.02878876e-01  3.63462939e-01  2.44883563e-01    0.583200
  1.100  6.00802010e-01  3.60963055e-01  2.47848001e-01    0.605000
  1.120  5.98295005e-01  3.57956913e-01  2.50980262e-01    0.627200
  1.140  5.95370278e-01  3.54465768e-01  2.54294161e-01    0.649800
  1.160  5.92040634e-01  3.50512112e-01  2.57805201e-01    0.672800
  1.180  5.88319227e-01  3.46119513e-01  2.61530857e-01    0.696200
  1.200  5.84219531e-01  3.41312460e-01  2.65490898e-01    0.720000
  1.220  5.79755303e-01  3.36116211e-01  2.69707792e-01    0.744200
  1.240  5.74940549e-01  3.30556635e-01  2.74207195e-01    0.768800
  1.260  5.69789494e-01  3.24660067e-01  2.79018552e-01    0.793800
  1.280  5.64316543e-01  3.18453161e-01  2.84175848e-01    0.819200
  1.300  5.58536252e-01  3.11962745e-01  2.89718540e-01    0.845000
  1.320  5.52463296e-01  3.05215693e-01  2.95692747e-01    0.871200
  1.340  5.46112433e-01  2.98238789e-01  3.02152758e-01    0.897800
  1.360  5.39498476e-01  2.91058606e-01  3.09162990e-01    0.924800
  1.380  5.32636264e-01  2.83701389e-01  3.16800548e-01    0.952200
  1.400  5.25540626e-01  2.76192949e-01  3.25158616e-01    0.980000
  1.420  5.18226358e-01  2.68558558e-01  3.34351038e-01    1.008200
  1.440  5.10708191e-01  2.60822856e-01  3.44518591e-01    1.036800
  1.460  5.03000766e-01  2.53009771e-01  3.55837757e-01    1.065800
  1.480  4.95118608e-01  2.45142436e-01  3.68533257e-01    1.095200
  1.500  4.87076096e-01  2.37243123e-01  3.82896418e-01    1.125000
  1.520  4.78887445e-01  2.29333185e-01  3.99312871e-01    1.155200
  1.540  4.70566681e-01  2.21433001e-01  4.18305763e-01    1.185800
  1.560  4.62127615e-01  2.13561933e-01  4.40605905e-01    1.216800
  1.580  4.53583829e-01  2.05738290e-01  4.67271265e-01    1.248200
  1.600  4.44948651e-01  1.97979302e-01  4.99902832e-01    1.280000
  1.620  4.36235137e-01  1.90301095e-01  5.41064629e-01    1.312200
  1.640  4.27456058e-01  1.82718682e-01  5.95183769e-01    1.344800
  1.660  4.18623880e-01  1.75245953e-01  6.70751009e-01    1.377800
  1.680  4.09750749e-01  1.67895676e-01  7.86847293e-01    1.411200
  1.700  4.00848481e-01  1.60679504e-01  9.99805665e-01    1.445000
  1.720  3.91928546e-01  1.53607985e-01  1.62579308e+00    1.479200
  1.740  3.83002058e-01  1.46690577e-01  0.00000000e+00    1.513800
  1.760  3.74079768e-01  1.39935673e-01  0.00000000e+00    1.548800
  1.780  3.65172050e-01  1.33350626e-01  0.00000000e+00    1.584200
  1.800  3.56288898e-01  1.26941779e-01  0.00000000e+00    1.620000
  1.820  3.47439917e-01  1.20714496e-01  0.00000000e+00    1.656200
  1.840  3.38634318e-01  1.14673201e-01  0.00000000e+00    1.692800
  1.860  3.29880917e-01  1.08821420e-01  0.00000000e+00    1.729800
  1.880  3.21188128e-01  1.03161814e-01  0.00000000e+00    1.767200
  1.900  3.12563963e-01  9.76962310e-02  0.00000000e+00    1.805000
  1.920  3.04016030e-01  9.24257463e-02  0.00000000e+00    1.843200
  1.940  2.95551533e-01  8.73507088e-02  0.00000000e+00    1.881800
  1.960  2.87177277e-01  8.24707883e-02  0.00000000e+00    1.920800
  1.980  2.78899663e-01  7.77850218e-02  0.00000000e+00    1.960200
  2.000  2.70724695e-01  7.32918606e-02  0.00000000e+00    2.000000
  2.020  2.62657985e-01  6.89892172e-02  0.00000000e+00    2.040200
  2.040  2.54704753e-01  6.48745114e-02  0.00000000e+00    2.080800
  2.060  2.46869836e-01  6.09447159e-02  0.00000000e+00    2.121800
  2.080  2.39157691e-01  5.71964010e-02  0.00000000e+00    2.163200
  2.100  2.31572402e-01  5.36257775e-02  0.00000000e+00    2.205000
  2.120  2.24117691e-01  5.02287394e-02  0.00000000e+00    2.247200
  2.140  2.16796919e-01  4.70009041e-02  0.00000000e+00    2.289800
  2.160  2.09613100e-01  4.39376516e-02  0.00000000e+00    2.332800
  2.180  2.02568906e-01  4.10341615e-02  0.00000000e+00    2.376200
  2.200  1.95666677e-01  3.82854485e-02  0.00000000e+00    2.420000
  2.220  1.88908433e-01  3.56863962e-02  0.00000000e+00    2.464200
  2.240  1.82295881e-01  3.32317882e-02  0.00000000e+00    2.508800
  2.260  1.75830424e-01  3.09163380e-02  0.00000000e+00    2.553800
  2.280  1.69513176e-01  2.87347168e-02  0.00000000e+00    2.599200
  2.300  1.63344968e-01  2.66815787e-02  0.00000000e+00    2.645000
  2.320  1.57326363e-01  2.47515846e-02  0.00000000e+00    2.691200
  2.340  1.51457663e-01  2.29394238e-02  0.00000000e+00    2.737800
  2.360  1.45738923e-01  2.12398337e-02  0.00000000e+00    2.784800
  2.380  1.40169960e-01  1.96476177e-02  0.00000000e+00    2.832200
  2.400  1.34750367e-01  1.81576614e-02  0.00000000e+00    2.880000
  2.420  1.29479521e-01  1.67649464e-02  0.00000000e+00    2.928200
  2.440  1.24356598e-01  1.54645634e-02  0.00000000e+00    2.976800
  2.460  1.19380579e-01  1.42517226e-02  0.00000000e+00    3.025800
  2.480  1.14550267e-01  1.31217636e-02  0.00000000e+00    3.075200
  2.500  1.09864293e-01  1.20701628e-02  0.00000000e+00    3.125000
  2.520  1.05321130e-01  1.10925404e-02  0.00000000e+00    3.175200
  2.540  1.00919103e-01  1.01846654e-02  0.00000000e+00    3.225800
  2.560  9.66563985e-02  9.34245938e-03  0.00000000e+00    3.276800
  2.580  9.25310754e-02  8.56199992e-03  0.00000000e+00    3.328200
  2.600  8.85410756e-02  7.83952207e-03  0.00000000e+00    3.380000
  2.620  8.46842334e-02  7.17141939e-03  0.00000000e+00    3.432200
  2.640  8.09582854e-02  6.55424397e-03  0.00000000e+00    3.484800
  2.660  7.73608795e-02  5.98470568e-03  0.00000000e+00    3.537800
  2.680  7.38895846e-02  5.45967071e-03  0.00000000e+00    3.591200
  2.700  7.05418988e-02  4.97615948e-03  0.00000000e+00    3.645000
  2.720  6.73152584e-02  4.53134402e-03  0.00000000e+00    3.699200
  2.740  6.42070460e-02  4.12254476e-03  0.00000000e+00    3.753800
  2.760  6.12145983e-02  3.74722705e-03  0.00000000e+00    3.808800
  2.780  5.83352139e-02  3.40299718e-03  0.00000000e+00    3.864200
  2.800  5.55661603e-02  3.08759817e-03  0.00000000e+00    3.920000
  2.820  5.29046814e-02  2.79890531e-03  0.00000000e+00    3.976200
  2.840  5.03480036e-02  2.53492147e-03  0.00000000e+00    4.032800
  2.860  4.78933426e-02  2.29377226e-03  0.00000000e+00    4.089800
  2.880  4.55379090e-02  2.07370115e-03  0.00000000e+00    4.147200
  2.900  4.32789142e-02  1.87306442e-03  0.00000000e+00    4.205000
  2.920  4.11135760e-02  1.69032613e-03  0.00000000e+00    4.263200
  2.940  3.90391231e-02  1.52405313e-03  0.00000000e+00    4.321800
  2.960  3.70528004e-02  1.37291002e-03  0.00000000e+00    4.380800
  2.980  3.51518731e-02  1.23565418e-03  0.00000000e+00    4.440200
  3.000  3.33336310e-02  1.11113096e-03  0.00000000e+00    4.500000
  3.020  3.15953923e-02  9.98268818e-04  0.00000000e+00    4.560200
  3.040  2.99345072e-02  8.96074719e-04  0.00000000e+00    4.620800
  3.060  2.83483608e-02  8.03629562e-04  0.00000000e+00    4.681800
  3.080  2.68343770e-02  7.20083789e-04  0.00000000e+00    4.743200
  3.100  2.53900202e-02  6.44653124e-04  0.00000000e+00    4.805000
  3.120  2.40127984e-02  5.76614485e-04  0.00000000e+00    4.867200
  3.140  2.27002653e-02  5.15302042e-04  0.00000000e+00    4.929800
  3.160  2.14500222e-02  4.60103450e-04  0.00000000e+00    4.992800
  3.180  2.02597198e-02  4.10456247e-04  0.00000000e+00    5.056200
  3.200  1.91270599e-02  3.65844421e-04  0.00000000e+00    5.120000
  3.220  1.80497964e-02  3.25795152e-04  0.00000000e+00    5.184200
  3.240  1.70257367e-02  2.89875712e-04  0.00000000e+00    5.248800
  3.260  1.60527425e-02  2.57690542e-04  0.00000000e+00    5.313800
  3.280  1.51287304e-02  2.28878485e-04  0.00000000e+00    5.379200
  3.300  1.42516730e-02  2.03110182e-04  0.00000000e+00    5.445000
  3.320  1.34195985e-02  1.80085623e-04  0.00000000e+00    5.511200
  3.340  1.26305916e-02  1.59531844e-04  0.00000000e+00    5.577800
  3.360  1.18827935e-02  1.41200780e-04  0.00000000e+00    5.644800
  3.380  1.11744014e-02  1.24867248e-04  0.00000000e+00    5.712200
  3.400  1.05036691e-02  1.10327065e-04  0.00000000e+00    5.780000
  3.420  9.86890603e-03  9.73953061e-05  0.00000000e+00    5.848200
  3.440  9.26847708e-03  8.59046673e-05  0.00000000e+00    5.916800
  3.460  8.70080227e-03  7.57039601e-05  0.00000000e+00    5.985800
  3.480  8.16435598e-03  6.66567086e-05  0.00000000e+00    6.055200
  3.500  7.65766633e-03  5.86398537e-05  0.00000000e+00    6.125000
  3.520  7.17931439e-03  5.15425552e-05  0.00000000e+00    6.195200
  3.540  6.72793338e-03  4.52650876e-05  0.00000000e+00    6.265800
  3.560  6.30220774e-03  3.97178224e-05  0.00000000e+00    6.336800
  3.580  5.90087223e-03  3.48202931e-05  0.00000000e+00    6.408200
  3.600  5.52271086e-03  3.05003353e-05  0.00000000e+00    6.480000
  3.620  5.16655591e-03  2.66932999e-05  0.00000000e+00    6.552200
  3.640  4.83128677e-03  2.33413318e-05  0.00000000e+00    6.624800
  3.660  4.51582887e-03  2.03927103e-05  0.00000000e+00    6.697800
  3.680  4.21915251e-03  1.78012479e-05  0.00000000e+00    6.771200
  3.700  3.94027169e-03  1.55257410e-05  0.00000000e+00    6.845000
  3.720  3.67824291e-03  1.35294709e-05  0.00000000e+00    6.919200
  3.740  3.43216399e-03  1.17797496e-05  0.00000000e+00    6.993800
  3.760  3.20117280e-03  1.02475073e-05  0.00000000e+00    7.068800
  3.780  2.98444610e-03  8.90691850e-06  0.00000000e+00    7.144200
  3.800  2.78119828e-03  7.73506387e-06  0.00000000e+00    7.220000
  3.820  2.59068016e-03  6.71162368e-06  0.00000000e+00    7.296200
  3.840  2.41217775e-03  5.81860150e-06  0.00000000e+00    7.372800
  3.860  2.24501107e-03  5.04007469e-06  0.00000000e+00    7.449800
  3.880  2.08853291e-03  4.36196971e-06  0.00000000e+00    7.527200
  3.900  1.94212769e-03  3.77185997e-06  0.00000000e+00    7.605000
  3.920  1.80521027e-03  3.25878411e-06  0.00000000e+00    7.683200
  3.940  1.67722477e-03  2.81308293e-06  0.00000000e+00    7.761800
  3.960  1.55764348e-03  2.42625321e-06  0.00000000e+00    7.840800
  3.980  1.44596572e-03  2.09081686e-06  0.00000000e+00    7.920200
  4.000  1.34171674e-03  1.80020381e-06  0.00000000e+00    8.000000
  4.020  1.24444667e-03  1.54864752e-06  0.00000000e+00    8.080200
  4.040  1.15372947e-03  1.33109170e-06  0.00000000e+00    8.160800
  4.060  1.06916190e-03  1.14310717e-06  0.00000000e+00    8.241800
  4.080  9.90362523e-04  9.80817928e-07  0.00000000e+00    8.323200
  4.100  9.16970759e-04  8.40835373e-07  0.00000000e+00    8.405000
  4.120  8.48645923e-04  7.20199903e-07  0.00000000e+00    8.487200
  4.140  7.85066323e-04  6.16329132e-07  0.00000000e+00    8.569800
  4.160  7.25928369e-04  5.26971998e-07  0.00000000e+00    8.652800
  4.180  6.70945720e-04  4.50168159e-07  0.00000000e+00    8.736200
  4.200  6.19848450e-04  3.84212101e-07  0.00000000e+00    8.820000
  4.220  5.72382249e-04  3.27621438e-07  0.00000000e+00    8.904200
  4.240  5.28307648e-04  2.79108971e-07  0.00000000e+00    8.988800
  4.260  4.87399274e-04  2.37558052e-07  0.00000000e+00    9.073800
  4.280  4.49445128e-04  2.02000923e-07  0.00000000e+00    9.159200
  4.300  4.14245896e-04  1.71599662e-07  0.00000000e+00    9.245000
  4.320  3.81614279e-04  1.45629458e-07  0.00000000e+00    9.331200
  4.340  3.51374357e-04  1.23463939e-07  0.00000000e+00    9.417800
  4.360  3.23360972e-04  1.04562319e-07  0.00000000e+00    9.504800
  4.380  2.97419140e-04  8.84581449e-08  0.00000000e+00    9.592200
  4.400  2.73403483e-04  7.47494647e-08  0.00000000e+00    9.680000
  4.420  2.51177691e-04  6.30902324e-08  0.00000000e+00    9.768200
  4.440  2.30613999e-04  5.31828166e-08  0.00000000e+00    9.856800
  4.460  2.11592695e-04  4.47714684e-08  0.00000000e+00    9.945800
  4.480  1.94001639e-04  3.76366359e-08  0.00000000e+00   10.035200
  4.500  1.77735815e-04  3.15900198e-08  0.00000000e+00   10.125000
  4.520  1.62696890e-04  2.64702779e-08  0.00000000e+00   10.215200
  4.540  1.48792803e-04  2.21392982e-08  0.00000000e+00   10.305800
  4.560  1.35937365e-04  1.84789673e-08  0.00000000e+00   10.396800
  4.580  1.24049881e-04  1.53883730e-08  0.00000000e+00   10.488200
  4.600  1.13054783e-04  1.27813841e-08  0.00000000e+00   10.580000
  4.620  1.02881286e-04  1.05845590e-08  0.00000000e+00   10.672200
  4.640  9.34630510e-05  8.73534190e-09  0.00000000e+00   10.764800
  4.660  8.47378673e-05  7.18050616e-09  0.00000000e+00   10.857800
  4.680  7.66473454e-05  5.87481556e-09  0.00000000e+00   10.951200
  4.700  6.91366210e-05  4.77987236e-09  0.00000000e+00   11.045000
  4.720  6.21540709e-05  3.86312853e-09  0.00000000e+00   11.139200
  4.740  5.56510383e-05  3.09703806e-09  0.00000000e+00   11.233800
  4.760  4.95815658e-05  2.45833167e-09  0.00000000e+00   11.328800
  4.780  4.39021375e-05  1.92739768e-09  0.00000000e+00   11.424200
  4.800  3.85714258e-05  1.48775489e-09  0.00000000e+00   11.520000
  4.820  3.35500441e-05  1.12560546e-09  0.00000000e+00   11.616200
  4.840  2.88003029e-05  8.29457445e-10  0.00000000e+00   11.712800
  4.860  2.42859683e-05  5.89808255e-10  0.00000000e+00   11.809800
  4.880  1.99720216e-05  3.98881647e-10  0.00000000e+00   11.907200
  4.900  1.58244181e-05  2.50412209e-10  0.00000000e+00   12.005000
  4.920  1.18098433e-05  1.39472398e-10  0.00000000e+00   12.103200
  4.940  7.89546529e-06  6.23383721e-11  0.00000000e+00   12.201800
  4.960  4.04868116e-06  1.63918192e-11  0.00000000e+00   12.300800
  4.980  2.36854862e-07  5.61002258e-14  0.00000000e+00   12.400200
  5.000 -3.57295516e-06  1.27660086e-11  0.00000000e+00   12.500000
  5.020 -7.41428141e-06  5.49715688e-11  0.00000000e+00   12.600200
  5.040 -1.13215485e-05  1.28177461e-10  0.00000000e+00   12.700800
  5.060 -1.53303933e-05  2.35020959e-10  0.00000000e+00   12.801800
  5.080 -1.94780069e-05  3.79392753e-10  0.00000000e+00   12.903200
  5.100 -2.38035029e-05  5.66606752e-10  0.00000000e+00   13.005000
  5.120 -2.83483156e-05  8.03626996e-10  0.00000000e+00   13.107200
  5.140 -3.31566324e-05  1.09936227e-09  0.00000000e+00   13.209800
  5.160 -3.82758669e-05  1.46504199e-09  0.00000000e+00   13.312800
  5.180 -4.37571766e-05  1.91469050e-09  0.00000000e+00   13.416200
  5.200 -4.96560332e-05  2.46572163e-09  0.00000000e+00   13.520000
  5.220 -5.60328517e-05  3.13968047e-09  0.00000000e+00   13.624200
  5.240 -6.29536867e-05  3.96316667e-09  0.00000000e+00   13.728800
  5.260 -7.04910055e-05  4.96898185e-09  0.00000000e+00   13.833800
  5.280 -7.87245468e-05  6.19755426e-09  0.00000000e+00   13.939200
  5.300 -8.77422783e-05  7.69870739e-09  0.00000000e+00   14.045000
  5.320 -9.76414645e-05  9.53385558e-09  0.00000000e+00   14.151200
  5.340 -1.08529860e-04  1.17787306e-08  0.00000000e+00   14.257800
  5.360 -1.20527047e-04  1.45267691e-08  0.00000000e+00   14.364800
  5.380 -1.33765927e-04  1.78933233e-08  0.00000000e+00   14.472200
  5.400 -1.48394403e-04  2.20208990e-08  0.00000000e+00   14.580000
  5.420 -1.64577260e-04  2.70856745e-08  0.00000000e+00   14.688200
  5.440 -1.82498278e-04  3.33056214e-08  0.00000000e+00   14.796800
  5.460 -2.02362612e-04  4.09506266e-08  0.00000000e+00   14.905800
  5.480 -2.24399464e-04  5.03551194e-08  0.00000000e+00   15.015200
  5.500 -2.48865093e-04  6.19338345e-08  0.00000000e+00   15.125000
  5.520 -2.76046204e-04  7.62015066e-08  0.00000000e+00   15.235200
  5.540 -3.06263765e-04  9.37974935e-08  0.00000000e+00   15.345800
  5.560 -3.39877313e-04  1.15516588e-07  0.00000000e+00   15.456800
  5.580 -3.77289812e-04  1.42347602e-07  0.00000000e+00   15.568200
  5.600 -4.18953127e-04  1.75521723e-07  0.00000000e+00   15.680000
  5.620 -4.65374213e-04  2.16573158e-07  0.00000000e+00   15.792200
  5.640 -5.17122099e-04  2.67415265e-07  0.00000000e+00   15.904800
  5.660 -5.74835784e-04  3.30436178e-07  0.00000000e+00   16.017800
  5.680 -6.39233155e-04  4.08619026e-07  0.00000000e+00   16.131200
  5.700 -7.11121080e-04  5.05693191e-07  0.00000000e+00   16.245000
  5.720 -7.91406821e-04  6.26324756e-07  0.00000000e+00   16.359200
  5.740 -8.81110947e-04  7.76356500e-07  0.00000000e+00   16.473800
  5.760 -9.81381962e-04  9.63110555e-07  0.00000000e+00   16.588800
  5.780 -1.09351287e-03  1.19577039e-06  0.00000000e+00   16.704200
  5.800 -1.21895992e-03  1.48586328e-06  0.00000000e+00   16.820000
  5.820 -1.35936391e-03  1.84787023e-06  0.00000000e+00   16.936200
  5.840 -1.51657427e-03  2.29999751e-06  0.00000000e+00   17.052800
  5.860 -1.69267643e-03  2.86515351e-06  0.00000000e+00   17.169800
  5.880 -1.89002288e-03  3.57218648e-06  0.00000000e+00   17.287200
  5.900 -2.11126834e-03  4.45745401e-06  0.00000000e+00   17.405000
  5.920 -2.35940985e-03  5.56681485e-06  0.00000000e+00   17.523200
  5.940 -2.63783217e-03  6.95815854e-06  0.00000000e+00   17.641800
  5.960 -2.95035942e-03  8.70462070e-06  0.00000000e+00   17.760800
  5.980 -3.30131384e-03  1.08986731e-05  0.00000000e+00   17.880200
  6.000 -3.69558254e-03  1.36573303e-05  0.00000000e+00   18.000000
  6.020 -4.13869346e-03  1.71287836e-05  0.00000000e+00   18.120200
  6.040 -4.63690182e-03  2.15008585e-05  0.00000000e+00   18.240800
  6.060 -5.19728858e-03  2.70118086e-05  0.00000000e+00   18.361800
  6.080 -5.82787253e-03  3.39640982e-05  0.00000000e+00   18.483200
  6.100 -6.53773800e-03  4.27420182e-05  0.00000000e+00   18.605000
  6.120 -7.33718048e-03  5.38342174e-05  0.00000000e+00   18.727200
  6.140 -8.23787257e-03  6.78625445e-05  0.00000000e+00   18.849800
  6.160 -9.25305335e-03  8.56189962e-05  0.00000000e+00   18.972800
  6.180 -1.03977444e-02  1.08113088e-04  0.00000000e+00   19.096200
  6.200 -1.16889963e-02  1.36632635e-04  0.00000000e+00   19.220000
  6.220 -1.31461705e-02  1.72821799e-04  0.00000000e+00   19.344200
  6.240 -1.47912606e-02  2.18781391e-04  0.00000000e+00   19.468800
  6.260 -1.66492603e-02  2.77197869e-04  0.00000000e+00   19.593800
  6.280 -1.87485833e-02  3.51509376e-04  0.00000000e+00   19.719200
  6.300 -2.11215439e-02  4.46119618e-04  0.00000000e+00   19.845000
  6.320 -2.38049070e-02  5.66673598e-04  0.00000000e+00   19.971200
  6.340 -2.68405169e-02  7.20413345e-04  0.00000000e+00   20.097800
  6.360 -3.02760176e-02  9.16637240e-04  0.00000000e+00   20.224800
  6.380 -3.41656780e-02  1.16729356e-03  0.00000000e+00   20.352200
  6.400 -3.85713371e-02  1.48774804e-03  0.00000000e+00   20.480000
  6.420 -4.35634866e-02  1.89777737e-03  0.00000000e+00   20.608200
  6.440 -4.92225139e-02  2.42285588e-03  0.00000000e+00   20.736800
  6.460 -5.56401260e-02  3.09582362e-03  0.00000000e+00   20.865800
  6.480 -6.29209845e-02  3.95905029e-03  0.00000000e+00   20.995200
  6.500 -7.11845819e-02  5.06724471e-03  0.00000000e+00   21.125000
  6.520 -8.05673965e-02  6.49110538e-03  0.00000000e+00   21.255200
  6.540 -9.12253669e-02  8.32206756e-03  0.00000000e+00   21.385800
  6.560 -1.03336737e-01  1.06784811e-02  0.00000000e+00   21.516800
  6.580 -1.17105324e-01  1.37136568e-02  0.00000000e+00   21.648200
  6.600 -1.32764280e-01  1.76263541e-02  0.00000000e+00   21.780000
  6.620 -1.50580419e-01  2.26744626e-02  0.00000000e+00   21.912200
  6.640 -1.70859192e-01  2.91928634e-02  0.00000000e+00   22.044800
  6.660 -1.93950419e-01  3.76167651e-02  0.00000000e+00   22.177800
  6.680 -2.20254895e-01  4.85122186e-02  0.00000000e+00   22.311200
  6.700 -2.50231987e-01  6.26160475e-02  0.00000000e+00   22.445000
  6.720 -2.84408411e-01  8.08881442e-02  0.00000000e+00   22.579200
  6.740 -3.23388329e-01  1.04580012e-01  0.00000000e+00   22.713800
  6.760 -3.67865017e-01  1.35324670e-01  0.00000000e+00   22.848800
  6.780 -4.18634309e-01  1.75254685e-01  0.00000000e+00   22.984200
  6.800 -4.76610137e-01  2.27157223e-01  0.00000000e+00   23.120000
  6.820 -5.42842453e-01  2.94677928e-01  0.00000000e+00   23.256200
  6.840 -6.18537950e-01  3.82589196e-01  0.00000000e+00   23.392800
  6.860 -7.05084003e-01  4.97143451e-01  0.00000000e+00   23.529800
  6.880 -8.04076339e-01  6.46538758e-01  0.00000000e+00   23.667200
  6.900 -9.17351046e-01  8.41532942e-01  0.00000000e+00   23.805000
  6.920 -1.04702161e+00  1.09625425e+00  0.00000000e+00   23.943200
  6.940 -1.19552175e+00  1.42927225e+00  0.00000000e+00   24.081800
  6.960 -1.36565506e+00  1.86501375e+00  0.00000000e+00   24.220800
  6.980 -1.56065249e+00  2.43563618e+00  0.00000000e+00   24.360200
  7.000 -1.78423888e+00  3.18350838e+00  0.00000000e+00   24.500000
  7.020 -2.04071022e+00  4.16449820e+00  0.00000000e+00   24.640200
  7.040 -2.33502310e+00  5.45233288e+00  0.00000000e+00   24.780800
  7.060 -2.67289856e+00  7.14438669e+00  0.00000000e+00   24.921800
  7.080 -3.06094253e+00  9.36936917e+00  0.00000000e+00   25.063200
  7.100 -3.50678573e+00  1.22975462e+01  0.00000000e+00   25.205000
  7.120 -4.01924606e+00  1.61543389e+01  0.00000000e+00   25.347200
  7.140 -4.60851729e+00  2.12384316e+01  0.00000000e+00   25.489800
  7.160 -5.28638833e+00  2.79459016e+01  0.00000000e+00   25.632800
  7.180 -6.06649820e+00  3.68024004e+01  0.00000000e+00   25.776200
  7.200 -6.96463253e+00  4.85061063e+01  0.00000000e+00   25.920000
  7.220 -7.99906856e+00  6.39850978e+01  0.00000000e+00   26.064200
  7.240 -9.19097669e+00  8.44740525e+01  0.00000000e+00   26.208800
  7.260 -1.05648880e+01  1.11616860e+02  0.00000000e+00   26.353800
  7.280 -1.21492391e+01  1.47604011e+02  0.00000000e+00   26.499200
  7.300 -1.39770063e+01  1.95356705e+02  0.00000000e+00   26.645000
  7.320 -1.60864458e+01  2.58773739e+02  0.00000000e+00   26.791200
  7.340 -1.85219563e+01  3.43062866e+02  0.00000000e+00   26.937800
  7.360 -2.13350853e+01  4.55185866e+02  0.00000000e+00   27.084800
  7.380 -2.45857037e+01  6.04456829e+02  0.00000000e+00   27.232200
  7.400 -2.83433770e+01  8.03347021e+02  0.00000000e+00   27.380000
  7.420 -3.26889667e+01  1.06856854e+03  0.00000000e+00   27.528200
  7.440 -3.77165012e+01  1.42253446e+03  0.00000000e+00   27.676800
  7.460 -4.35353631e+01  1.89532784e+03  0.00000000e+00   27.825800
  7.480 -5.02728460e+01  2.52735904e+03  0.00000000e+00   27.975200
  7.500 -5.80771451e+01  3.37295478e+03  0.00000000e+00   28.125000
  7.520 -6.71208574e+01  4.50520949e+03  0.00000000e+00   28.275200
  7.540 -7.76050781e+01  6.02254815e+03  0.00000000e+00   28.425800
  7.560 -8.97641982e+01  8.05761127e+03  0.00000000e+00   28.576800
  7.580 -1.03871524e+02  1.07892935e+04  0.00000000e+00   28.728200
  7.600 -1.20245863e+02  1.44590677e+04  0.00000000e+00   28.880000
  7.620 -1.39259247e+02  1.93931379e+04  0.00000000e+00   29.032200
  7.640 -1.61345984e+02  2.60325266e+04  0.00000000e+00   29.184800
  7.660 -1.87013286e+02  3.49739690e+04  0.00000000e+00   29.337800
  7.680 -2.16853734e+02  4.70255421e+04  0.00000000e+00   29.491200
  7.700 -2.51559927e+02  6.32823968e+04  0.00000000e+00   29.645000
  7.720 -2.91941669e+02  8.52299384e+04  0.00000000e+00   29.799200
  7.740 -3.38946187e+02  1.14884517e+05  0.00000000e+00   29.953800
  7.760 -3.93681874e+02  1.54985418e+05  0.00000000e+00   30.108800
  7.780 -4.57446231e+02  2.09257054e+05  0.00000000e+00   30.264200
  7.800 -5.31758719e+02  2.82767336e+05  0.00000000e+00   30.420000
  7.820 -6.18399435e+02  3.82417861e+05  0.00000000e+00   30.576200
  7.840 -7.19454630e+02  5.17614964e+05  0.00000000e+00   30.732800
  7.860 -8.37370330e+02  7.01189070e+05  0.00000000e+00   30.889800
  7.880 -9.75015505e+02  9.50655235e+05  0.00000000e+00   31.047200
  7.900 -1.13575652e+03  1.28994287e+06  0.00000000e+00   31.205000
  7.920 -1.32354491e+03  1.75177114e+06  0.00000000e+00   31.363200
  7.940 -1.54302096e+03  2.38091369e+06  0.00000000e+00   31.521800
  7.960 -1.79963584e+03  3.23868915e+06  0.00000000e+00   31.680800
  7.980 -2.09979584e+03  4.40914259e+06  0.00000000e+00   31.840200
  8.000 -2.45103273e+03  6.00756145e+06  0.00000000e+00   32.000000
  8.020 -2.86220488e+03  8.19221680e+06  0.00000000e+00   32.160200
  8.040 -3.34373509e+03  1.11805644e+07  0.00000000e+00   32.320800
  8.060 -3.90789165e+03  1.52716171e+07  0.00000000e+00   32.481800
  8.080 -4.56912079e+03  2.08768648e+07  0.00000000e+00   32.643200
  8.100 -5.34444004e+03  2.85630393e+07  0.00000000e+00   32.805000
  8.120 -6.25390375e+03  3.91113121e+07  0.00000000e+00   32.967200
  8.140 -7.32115430e+03  5.35993003e+07  0.00000000e+00   33.129800
  8.160 -8.57407507e+03  7.35147633e+07  0.00000000e+00   33.292800
  8.180 -1.00455641e+04  1.00913357e+08  0.00000000e+00   33.456200
  8.200 -1.17744510e+04  1.38637697e+08  0.00000000e+00   33.620000
  8.220 -1.38065851e+04  1.90621791e+08  0.00000000e+00   33.784200
  8.240 -1.61961248e+04  2.62314460e+08  0.00000000e+00   33.948800
  8.260 -1.90070696e+04  3.61268696e+08  0.00000000e+00   34.113800
  8.280 -2.23150773e+04  4.97962675e+08  0.00000000e+00   34.279200
  8.300 -2.62096231e+04  6.86944345e+08  0.00000000e+00   34.445000
  8.320 -3.07965651e+04  9.48428421e+08  0.00000000e+00   34.611200
  8.340 -3.62011927e+04  1.31052635e+09  0.00000000e+00   34.777800
  8.360 -4.25718522e+04  1.81236260e+09  0.00000000e+00   34.944800
  8.380 -5.00842590e+04  2.50843299e+09  0.00000000e+00   35.112200
  8.400 -5.89466288e+04  3.47470504e+09  0.00000000e+00   35.280000
  8.420 -6.94057862e+04  4.81716316e+09  0.00000000e+00   35.448200
  8.440 -8.17544391e+04  6.68378832e+09  0.00000000e+00   35.616800
  8.460 -9.63398447e+04  9.28136567e+09  0.00000000e+00   35.785800
  8.480 -1.13574137e+05  1.28990846e+10  0.00000000e+00   35.955200
  8.500 -1.33946642e+05  1.79417030e+10  0.00000000e+00   36.125000
  8.520 -1.58038563e+05  2.49761872e+10  0.00000000e+00   36.295200
  8.540 -1.86540501e+05  3.47973585e+10  0.00000000e+00   36.465800
  8.560 -2.20273377e+05  4.85203607e+10  0.00000000e+00   36.636800
  8.580 -2.60213401e+05  6.77110142e+10  0.00000000e+00   36.808200
  8.600 -3.07521909e+05  9.45697243e+10  0.00000000e+00   36.980000
  8.620 -3.63581009e+05  1.32191150e+11  0.00000000e+00   37.152200
  8.640 -4.30036208e+05  1.84931140e+11  0.00000000e+00   37.324800
  8.660 -5.08847371e+05  2.58925647e+11  0.00000000e+00   37.497800
  8.680 -6.02349702e+05  3.62825163e+11  0.00000000e+00   37.671200
  8.700 -7.13326724e+05  5.08835015e+11  0.00000000e+00   37.845000
  8.720 -8.45097653e+05  7.14190043e+11  0.00000000e+00   38.019200
  8.740 -1.00162205e+06  1.00324674e+12  0.00000000e+00   38.193800
  8.760 -1.18762524e+06  1.41045371e+12  0.00000000e+00   38.368800
  8.780 -1.40874859e+06  1.98457260e+12  0.00000000e+00   38.544200
  8.800 -1.67172979e+06  2.79468050e+12  0.00000000e+00   38.720000
  8.820 -1.98461906e+06  3.93871282e+12  0.00000000e+00   38.896200
  8.840 -2.35703863e+06  5.55563109e+12  0.00000000e+00   39.072800
  8.860 -2.80049424e+06  7.84276798e+12  0.00000000e+00   39.249800
  8.880 -3.32874929e+06  1.10805719e+13  0.00000000e+00   39.427200
  8.900 -3.95827432e+06  1.56679356e+13  0.00000000e+00   39.605000
  8.920 -4.70878721e+06  2.21726770e+13  0.00000000e+00   39.783200
  8.940 -5.60390282e+06  3.14037268e+13  0.00000000e+00   39.961800
  8.960 -6.67191425e+06  4.45144397e+13  0.00000000e+00   40.140800
  8.980 -7.94673308e+06  6.31505666e+13  0.00000000e+00   40.320200
  9.000 -9.46902109e+06  8.96623603e+13  0.00000000e+00   40.500000
  9.020 -1.12875531e+07  1.27408856e+14  0.00000000e+00   40.680200
  9.040 -1.34608590e+07  1.81194726e+14  0.00000000e+00   40.860800
  9.060 -1.60592023e+07  2.57897978e+14  0.00000000e+00   41.041800
  9.080 -1.91669656e+07  3.67372570e+14  0.00000000e+00   41.223200
  9.100 -2.28855282e+07  5.23747400e+14  0.00000000e+00   41.405000
  9.120 -2.73367372e+07  7.47297199e+14  0.00000000e+00   41.587200
  9.140 -3.26670980e+07  1.06713929e+15  0.00000000e+00   41.769800
  9.160 -3.90528338e+07  1.52512383e+15  0.00000000e+00   41.952800
  9.180 -4.67059973e+07  2.18145019e+15  0.00000000e+00   42.136200
  9.200 -5.58818566e+07  3.12278190e+15  0.00000000e+00   42.320000
  9.220 -6.68878233e+07  4.47398090e+15  0.00000000e+00   42.504200
  9.240 -8.00942499e+07  6.41508887e+15  0.00000000e+00   42.688800
  9.260 -9.59474935e+07  9.20592152e+15  0.00000000e+00   42.873800
  9.280 -1.14985725e+08  1.32217171e+16  0.00000000e+00   43.059200
  9.300 -1.37858074e+08  1.90048485e+16  0.00000000e+00   43.245000
  9.320 -1.65347809e+08  2.73398978e+16  0.00000000e+00   43.431200
  9.340 -1.98400437e+08  3.93627333e+16  0.00000000e+00   43.617800
  9.360 -2.38157754e+08  5.67191160e+16  0.00000000e+00   43.804800
  9.380 -2.85999145e+08  8.17955107e+16  0.00000000e+00   43.992200
  9.400 -3.43591671e+08  1.18055236e+17  0.00000000e+00   44.180000
  9.420 -4.12950871e+08  1.70528422e+17  0.00000000e+00   44.368200
  9.440 -4.96514567e+08  2.46526715e+17  0.00000000e+00   44.556800
  9.460 -5.97232498e+08  3.56686657e+17  0.00000000e+00   44.745800
  9.480 -7.18675237e+08  5.16494096e+17  0.00000000e+00   44.935200
  9.500 -8.65166556e+08  7.48513170e+17  0.00000000e+00   45.125000
  9.520 -1.04194439e+09  1.08564811e+18  0.00000000e+00   45.315200
  9.540 -1.25535662e+09  1.57592023e+18  0.00000000e+00   45.505800
  9.560 -1.51309930e+09  2.28946949e+18  0.00000000e+00   45.696800
  9.580 -1.82450672e+09  3.32882476e+18  0.00000000e+00   45.888200
  9.600 -2.20090455e+09  4.84398082e+18  0.00000000e+00   46.080000
  9.620 -2.65604015e+09  7.05454927e+18  0.00000000e+00   46.272200
  9.640 -3.20660697e+09  1.02823283e+19  0.00000000e+00   46.464800
  9.660 -3.87288394e+09  1.49992300e+19  0.00000000e+00   46.657800
  9.680 -4.67951525e+09  2.18978630e+19  0.00000000e+00   46.851200
  9.700 -5.65646196e+09  3.19955619e+19  0.00000000e+00   47.045000
  9.720 -6.84016338e+09  4.67878351e+19  0.00000000e+00   47.239200
  9.740 -8.27495545e+09  6.84748877e+19  0.00000000e+00   47.433800
  9.760 -1.00148033e+10  1.00296284e+20  0.00000000e+00   47.628800
  9.780 -1.21254183e+10  1.47025769e+20  0.00000000e+00   47.824200
  9.800 -1.46868471e+10  2.15703479e+20  0.00000000e+00   48.020000
  9.820 -1.77966368e+10  3.16720281e+20  0.00000000e+00   48.216200
  9.840 -2.15737083e+10  4.65424889e+20  0.00000000e+00   48.412800
  9.860 -2.61630971e+10  6.84507651e+20  0.00000000e+00   48.609800
  9.880 -3.17417579e+10  1.00753920e+21  0.00000000e+00   48.807200
  9.900 -3.85256746e+10  1.48422760e+21  0.00000000e+00   49.005000
  9.920 -4.67785727e+10  2.18823487e+21  0.00000000e+00   49.203200
  9.940 -5.68226004e+10  3.22880792e+21  0.00000000e+00   49.401800
  9.960 -6.90514258e+10  4.76809941e+21  0.00000000e+00   49.600800
  9.980 -8.39463056e+10  7.04698222e+21  0.00000000e+00   49.800200
 10.000 -1.02095806e+11  1.04235536e+22  0.00000000e+00   50.000000


